Some((
    red: 0.48069125,
    green: 0.46639118,
    blue: 0.46639118,
))