Some((
    red: 0.041139245,
    green: 0.040022656,
    blue: 0.040022656,
    alpha: 1.0,
))